6633	11593	27451	27841	49271	102198	103808	124244	175208	177684	222832	247631	247703	265673	339167	346493	372073	401800	404226	404701	420400	444299	479041	482092	493075	504729	523382
91927	215767	285310	289765	289766	346397	346403	398891	398893	410927	410930
42223	62861	475234
52092	94727	130724	196150	320332	449101
43657	62080	73333	80682	86144	112169	136713	136793	155031	157416	163046	173539	178628	209292	222737	224484	246858	249270	267959	271319	274778	295279	295861	301702	316385	344889	352393	377023	377293	473474	473755	484405	530348	534978
55727	78359	170327	335007
5197	22780	35814	37101	56342	57060	57722	72880	75588	75935	90557	100623	107045	129143	142229	156150	157635	173371	176500	176695	181785	196910	245851	246767	271270	284216	290968	308167	338700	352799	352885	393110	398631	407895	415981	418918	455942	467258	485935	486884	490231	509535	515422	535153	541552
29866	192608	232195	239582	468680	478760
57824	82730	90608	107186	109422	328644	377039	391732
124	243477	302516	318491	320027	366784
31173	38009	115054	278864	342984	389547	413249	413257	432850	492137	515761
443	7099	19197	30669	64638	65886	70513	86888	95444	102776	104176	105204	128705	139840	139954	161232	165430	185636	195461	200228	216567	219107	227700	259997	278001	302507	312166	318376	347743	355253	360679	363219	410980	424561	457300	475488	483088	487943	489751	490596	508801	520753	521872	523591	524008	533027	539482
32813	32818	32819	32821	32871	32873	32875	32877	32879	32880	53520	62523	137761	137763	137766	140298	168637	183395	183412	189279	200549	216445	216449	239050	278141	295252	320928	334071	345620	351527	359912	379065	379180	470095	470598	470599	488157	525393	525406
6170	28905	32892	78488	81957	94166	113150	121596	143368	187952	215497	226645	256479	273064	279547	331930	337822	345142	368759	368907	389343	391388	393538	421881	446997	470866	470946	495786	502084	505755
31061	275568	416985	433420	459621	485312
413095	413096	463313	463934	529308
31455	171028	467252
3833	4829	5238	6579	19341	23465	23890	23916	25749	26373	28053	33812	38444	47744	49761	53117	55043	56052	58829	60349	61178	65008	66096	67395	67464	71736	73400	74439	76881	86910	91592	98269	98332	99373	101019	103544	105619	107972	114473	120380	121270	122915	127345	131093	131182	131211	135702	139089	141711	142427	156691	162652	163920	168715	168720	181953	182430	184458	188073	189013	189959	193790	195210	200271	203903	205319	210020	210992	212553	215914	215955	217230	220330	223061	228537	228831	229510	234271	235970	250182	254263	261558	279216	306781	309573	311872	317603	320128	324785	327818	327890	328155	328468	332188	333916	335763	343242	349055	352079	358034	363926	367285	368176	373188	381003	382724	389871	396649	397590	400523	403255	406305	406909	412670	416846	420427	421557	423859	426269	432937	433843	434966	444750	445441	445716	451671	452884	460870	471009	472722	475581	494481	494860	504305	511237	515659	517224	519013	520121	522750	536830	539125	544898
36678	47395	61195	81858	145753	150077	183631	226183	292982	306986	352756	366700	419305	487323	508809	518502
1547	45292	45295	53978	60658	103117	103118	103120	104712	120328	141007	149319	174485	195684	199616	260938	263181	326464	334974	351390	394853	448031	484333	494565	504033	528285	536934
54336	86735	95225	243558	319433	343743	352183	513572
46977	118922	442646
21513	93891	101480	115260	149826	158820	170067	183831	189612	241647	254994	329428	350318	351378	361649	396323	407247	408619	423524	426088	432613	433300	509910	536075
29759	39537	39538	39539	39540	39542	151456	151748	151750	151751	176604	176908	218281	257397	536741	536742	542826	542867	542870	542871	542872	542874	543730	543731	543762
45247	55017	66413	155096	158534	276412	300910	318079	318090	339500	407868	407872	425656	469396	518217
79070	121919	142230	165141	286636	294783	316850	340933	341120	366211	443972	448617	516510	532925	537035
117069	223212	469642
8285	80361	336577	336579	346464	430590	520037
14981	48053	69831	74852	113192	117923	171689	199263	233859	338338	350418	352692	362572	367645	368169	376699	389494	391528	432983	504792	524891
158129	292038	464340
5829	13732	41697	48968	98588	118943	143608	145927	150522	168570	174928	187370	193654	255303	255775	327145	334757	366418	377884	410887	410943	419483	444875	463844	498286	507155	539820	541959
41256	361696	361698
80429	86199	87073	138399	191707	262286	364200	387987	404725	489673
423341	440525	468511
1585	35191	148532	148535	159036	220705	254399	300111	300116	300117	300120	310216	335158	335159	335171	341594	351682	425066	425067	429655	481957	488537	498009	513170	532991
46901	65002	148286	162404	201129	203622	260126	262320	294724	315974	361607	374151	441057	445680	478857	484183	485621
51246	107722	161307	166735	476208
50957	170730	195448	253794	286274	376122	496093
202245	298418	406965	537922
6596	47694	124093	134888	154240	300585	324665	367022	371886	399682	428784	456290
14896	21659	21695	24397	42346	62867	67051	71036	75245	87626	132671	145089	158674	162709	163015	166077	182587	188698	205505	210462	233838	240678	254423	258501	278725	282906	303160	305716	320287	350288	354251	370812	408836	411795	422063	436124	438354	445259	486888	519672	534790	538222
101668	190062	274521	328123	405565
42687	161938	201570	201572	201574	215112	216724	252984	277248	487203	512040	523685
236319	287450	324553	326801	350956	355078	488055	496357	532242	533220
62554	144469	260897	445322	507060	507063
94213	110062	178554	220205	250261	269199	322607	353310	370860	383361	443073	448868	472803
1602	316508	330542	365982	382058	417272	425507	495172	523055
262790	266274	353463	422490	428005	496686
138889	138890	163775	288321	499031
164985	225214	232761
141206	158496	210605	210607	230566	268119	367931	486979
64869	75969	100932	200920	210859	267416	481319	495066
5747	7083	26901	87846	104062	143271	146623	156757	181922	239992	278593	390656	492497	503505
146229	211795	276753	402482	455263	475285	477697	482546	531758
17239	101389	238430	276154	387833	417412	424750	501768
21742	46750	134247	171553	223767	258658	306262	421935	442607	458567	518137
42888	58675	217362	260685
160798	233468	257621	281988	348108	353931	372238	396166	415253	443821	492595	501902	522415
106045	299766	308296	308374	313436	313438	313445	313447	313448	351353	361731	373951	374147	484282
117539	227387	309574	341777	372557	424680
78535	165352	546303	547111	547342	547343
69474	378519	402485	422756	426387
4804	26284	49697	50459	66802	68659	84512	91726	123900	170107	266583	320914	354669	376458	416072	417848	424287	486252	503239	518091	526735	532709	539791
204468	356740	412241
78535	165352	546303	547111	547342	547343
5582	47930	193375	213676	329508	335028	339289	350684	374744	492634	495203	537580
38085	42565	63631	93814	110650	141343	147152	165406	186613	189829	194776	208621	211894	216826	221436	264569	296207	313446	350413	411459	448724	454723	488813
198055	234089	293039	293044	434190	436949	461185	525180	540024
146593	146661	542864	542865	543189	543666
6688	18059	36712	73833	80778	86359	104911	112494	132794	133831	145503	158753	174472	201407	219575	255586	259625	262879	268629	276958	281468	285560	292405	293009	308357	331825	336749	376852	411592	416431	424508	425287	430888	432003	440380	452257	466842	467133	511848	538944	539186
90938	214452	244240	246173	289781	336770	391524	537816
335486	338843	359673	363073	483701	486195	508622
19097	74921	121995	142454	164009	200738	222671	232075	244035	255990	289258	296533	332312	427927	472037	479281	496930	525557
109138	212232	294323	312685	417416	464198	464199	464205	464207	536006
12303	27620	53701	86141	208422	351254	355291	383645	517338
104761	166117	193805	245190	262219	484283	521532
33310	75731	262777	490580
5384	110507	110512	110748	192985	372395	432505
31949	198903	204686	445938	511792	526129
62211	99302	123836	154277	154282	209163	236304	287800	344610	359862	372706	407647	431741	522205
66334	66338	136733	145588	287486	423025
124	243477	302516	318491	320027	366784
202245	298418	406965	537922
200366	252628	463961	485383
94085	98742	152903	226158	240113	274813	544421	545678	545919	546598	547883
147735	169543	219957	284749	346229	461219
1806	4389	35472	49243	49268	158841	164686	267328	321497	376498	393054	405956	528993
29103	36581	55457	61091	65312	75169	84639	85900	109242	110457	114761	122965	140945	150359	154377	164602	232317	272804	275458	299812	300742	317034	319392	371964	383679	395887	407219	422634	431548	459609	488010	508669	537703	543414
138475	149247	149250
231176	357878	372935
144507	237774	311724	363864	531441	543408
118948	191846	209822	455700	482725
87769	118077	122815	148649	167100	210348	214773	274196	332103	340409	387782	412316	445673	460517	478705	540608
4092	104191	128901	341575	389644	413419
422	170849	451122	535138
5197	22780	35814	37101	56342	57060	57722	72880	75588	75935	90557	100623	107045	129143	142229	156150	157635	173371	176500	176695	181785	196910	245851	246767	271270	284216	290968	308167	338700	352799	352885	393110	398631	407895	415981	418918	455942	467258	485935	486884	490231	509535	515422	535153	541552
147735	169543	219957	284749	346229	461219
21584	43288	113369	293968	318953	341763	343017	368792	392187	463048	464182	524986
55591	76293	121097	169552	234924	395215	428101
24632	82995	156987	236045	280502
413095	413096	463313	463934	529308
60508	133283	221229	279806	284087	294372	437004	437009	437010
10719	10732	14315	50147	67649	142383	147778	165469	190195	199231	230958	252000	262023	262025	262028	262031	280689	288316	312506	323618	379745	379766	394334	405948	429163	529054
35651	60708	70392	104465	107783	187563	264468	318870	517993
219649	233695	337976	337981	444709	499056
2503	31195	36793	51142	56058	64999	67111	90295	90734	92800	97219	109808	166561	177538	198063	211751	212805	236925	248191	266796	276010	285067	353233	360141	378214	386343	387968	394175	432128	463724	480132	488909	501909	510772	519994	520004
5384	110507	110512	110748	192985	372395	432505
132737	135088	364856	428580	428582	474613	516378
62212	283926	311238	335193	476575	480585	521499
109595	114378	114379	126430	126433	126441	132756	132763	246060	270524	545994	545995	546890	546891
2797	15952	31200	47626	57116	61118	72238	80005	96812	96824	109243	115271	121462	121482	129002	129819	140476	165128	196566	198304	202609	203397	216625	243863	264309	266187	270593	278146	283440	315577	320858	323371	323378	348877	384795	389473	412353	417383	429082	432569	438003	439622	463702	472962	480884	497828	499649	501124	514909	516992	528717
31442	113592	127958	127960	377832
144629	207697	335486	338843	359673	363073	483701	486195	508622
176255	468259	532724
57472	68823	75157	88617	99183	172446	249808	348925	426724	508485
18871	29281	156783	164033	340064	487657
28914	435234	442226	463375
1965	1978	4704	8934	37874	68131	123237	158734	158906	167220	229030	239165	247783	353741	384540	398312	530074	534698
33345	33492	65243	65513	98112	124351	141157	258162	292574	316409	346811	406477	430451	495620	521772	541076
98075	279387	303927
109595	114378	114379	126430	126433	126441	132756	132763	246060	270524	545994	545995	546890	546891
84309	148221	414685
112813	112814	112821	112823
69001	102612	146269	215620	283137	292617	358440	468203	521114	539633	539640
23490	86953	114651	203826	365198	365199	365200	503396	503406	517525	517526	517527	524843
14599	32239	73054	101295	113773	126757	138428	171491	200196	227747	243469	337503	387972	404752	443897	459971	468191	492349	497338
77823	232310	317717	334830	334840	334845	334846	340946	381994	393657	393666	394247	394281	394286	394287	394851	406835	406836	479901	533819
96236	101649	102034	102035	413287
17215	353654	443155
69880	231953	518997	523128
74550	74552	83155	96158	127568	172367	172369	179921	179922	247058	247059	252788	538287	538480	538974	542184	542683	543161	543162	543173	543247	543899
160798	233468	257621	281988	348108	353931	372238	396166	415253	443821	492595	501902	522415
109934	248053	252184	264966
28513	51175	136210	159972	189286	204831	221801	301886	301889	313801	342330	379184	482998	542026
9179	10584	18596	36535	66791	70924	91722	106195	109368	139914	143589	144982	166267	182215	213711	222047	293032	328351	350251	352994	434252	435438	440776	470842	483624	489117	530243
91927	215767	285310	289765	289766	346397	346403	398891	398893	410927	410930
5582	47930	193375	213676	329508	335028	339289	350684	374744	492634	495203	537580
11915	13589	15922	36802	40326	56913	66017	70230	75762	79419	79705	81790	86150	89918	95258	98343	104350	106397	110425	111550	131043	135115	135409	146401	149579	154146	155663	162974	175213	183231	189882	206540	209915	216697	228082	254963	259788	270024	286536	301483	301682	310488	325745	326481	327922	328951	344483	349627	354715	368498	389791	391539	397448	397575	403346	403540	413490	416018	416364	421373	427277	433792	463529	477664	485524	498651	499716	515094	524779	535908	544279	546224
3841	74788	97893	148445	353325	377372	377380	389190
112813	112814	112821	112823
176	131232	132531	132725	201855	321841	347858	533157
771	40104	78191	102867	280717	392919	491073	520122	520135	530571
34069	93746	118346	164375	268565	293070	332827	334329	358591	362923	406380	420513	423318	430354	520700
2625	5338	6971	8926	10997	14567	15554	27137	29201	38476	40318	42819	47559	48359	52895	60779	63483	71292	73966	79227	83252	85570	88867	92920	98354	99335	105394	107930	119275	121262	123533	126713	129562	130619	147977	150430	153173	157915	162584	164151	168608	173221	180642	183951	184010	184528	184707	185630	188991	191745	193587	198181	213689	217000	220148	223185	245970	246810	248193	248492	254441	265474	271345	272733	281663	296660	315743	316031	319052	324898	327740	332123	343067	351358	362223	371893	376352	377393	385756	392256	394033	395771	405648	412972	419830	423124	423708	425261	428970	433145	433665	434007	439553	444736	454538	465101	467711	471591	474184	476031	491586	492176	492399	493039	493381	497880	497950	504364	505559	509523	512705	522223	526588	531007	533484	533970	535723	544391
151862	242226	243454	399318	435179
5238	25749	86910	168715	182430	193790	205319	229510	254263	261558	309573	317603	320128	382724	406305	406909	445716	471009	494860	539125
1758	9323	14573	24694	57014	59710	77102	81958	86168	99780	101776	111955	131181	137178	154620	155142	161382	177501	190275	190475	196335	201881	209023	212260	213407	213422	214328	236079	238013	244865	282389	292279	335149	342299	348300	352674	401485	426918	426994	432714	456795	474443	481587	502756	510271	530182	532864	533262	538656
21742	46750	134247	171553	223767	258658	306262	421935	442607	458567	518137
109138	212232	294323	312685	417416	464198	464199	464205	464207	536006
3373	13472	13475	50948	54958	339002	393765	520150
1105	2511	29010	48716	48718	48720	48721	87932	88789	102636	111172	132270	132274	136209	136211	165101	165389	168752	213186	239736	265323	270233	274159	303322	304562	316307	342327	359267	368855	375164	413416	415737	425891	452077	467217	467688	502037	502827	512492	532594	532597	533977	539584	543788
128544	278731	317254	341322	341324	341326	341344	341352
111722	111726	122613	122622	138325	147105	147107	181666	223046	249702	362176
179001	391697	412528
45104	48394	254829	537472
18103	34108	51103	93112	154817	183514	202852	230512	240693	274819	289263	382571	396542	418808	435969	438438	457208	478344	481287	503250	506211	514958
40443	85270	107054	144416	146480	146481	146488	155513	155845	164014	180755	185174	194103	212214	235411	236017	281125	289370	289496	304639	331706	334170	336162	346319	352500	376515	392857	440539	452292	459124	483247	493148	521447	522191	536903
31173	38009	115054	278864	342984	389547	413249	413257	432850	492137	515761
56536	75600	101909	109197	128781	153991	226654	235216	261771	278740	297896	299942	300327	312433	329881	348662	399478	487512	494261	523664	525313	531782	535205	535798	545002
14445	18504	86503	123426	127075	127341	127388	129787	227401	231715	267449	278417	291894	309263	309414	328428	343680	364895	367850	369811	383177	392363	411761	452947	458122	470372	471071	486582	498224	501516	526176	526689	533905	537097
3120	9869	14992	28461	29384	36530	52665	57685	64539	65985	70232	71521	77320	78849	80905	81392	82128	82823	91983	95698	97420	101939	104504	104997	107230	110936	112768	115598	120326	123297	137392	146209	149432	150038	153172	161157	178391	189398	189580	190266	196453	203600	218429	219484	219936	224125	226912	236382	242549	246768	253751	254204	265320	266147	269579	271766	276086	276847	281118	281961	284788	289784	290158	290813	300171	319065	321216	329132	330541	335032	341761	343112	343933	354348	354600	362551	375181	376939	377304	387465	394976	399137	412077	412242	424159	434120	436450	438465	447700	449008	450608	455158	457320	460256	468540	471688	481242	483042	498016	504277	518606	519342	525219	525485	527391	528926	538992	541722
84055	176891	201263	336715	366590	408596	455003
59586	60022	86758	100707	119487	128025	143005	166165	166170	166173	167893	191264	191279	196142	244171	256475	269554	307846	424622	424626	475258	505359	505371	505374	533174	534471
37960	50803	132215	245498	257303	311778	426205	487957
10180	85446	103534	121764	150312	208118	241811	323254	343878	382935	456320	469585	519455	521727
413095	413096	463313	463934	529308
521	70004	98368	127332	148870	169697	173687	174097	188389	210373	233313	235362	281396	289195	292843	330506	356349	401127	404185	513756	537827
14254	17479	19463	40144	64777	73725	217657	233388	363008	487180
7630	79348	300830	313309	314477	366327	541715
79772	174206	174208	401351	401355	401357	401386	456694	548526
128026	172062	210724	227921	285524	330175	468293
123128	241897	447338
33175	57659	72183	280181	345827	369920	393849	417695	441552	487659	490177	516170
42046	149339	221445	233610	330933	334880	373181	376748	460712	522043
256266	262492	548116
12060	12062	29584	265611
22753	47498	84217	100084	136208	179179	185150	214023	255722	262922	359500	378414	408658	512234	530227
2486	30398	30690	33251	34895	38265	43379	52500	59285	64879	67572	70522	75780	77701	80756	84839	92472	93356	95427	98081	104553	116969	120615	127199	127262	127821	141618	149809	151849	152407	154509	166549	182201	182923	186022	191775	202986	204966	205838	208714	217871	221281	225233	229209	230262	246180	252719	261562	263093	272957	273775	275237	276567	277024	277617	287524	287582	289953	294679	296069	298254	299611	300975	301761	306636	309411	313307	314250	314719	318212	318538	329078	330328	335183	343306	345901	347716	353264	355378	366824	377247	383087	390680	401268	401798	409356	412163	416162	417521	418177	419862	423864	429708	433190	434830	443332	443731	447892	458993	471336	482584	496201	502212	504199	512729	522378	527792	535477	535762	541122	541690	542633	543516
4355	19756	20550	23785	32025	89856	94878	101818	139102	244824	379152	422347	435000	441305	469184	502108
38926	116233	161318	172595	308654	315446	376908	430858	517813	531212
314443	314450	353272	479970
117069	223212	469642
35284	59771	109204	124094	149985	153287	222178	308746	329470	408058	504430
194702	445930	517962
47669	249126	505654
873	74023	140392	144252	144255	183871	206643	230601	247194	255355	260920	322563	342042	364779	366253	390081	413860	442379	465991	466634
288072	490377	535855
54182	112408	135747	265240	340335	372431	372489	446676	507743	530864
89139	105230	129923	145106	200053	213860	244471	266813	299825	300708	340706	378525	461995	475011	495940	521116	534520	539128
27504	60683	92465	109590	117486	121926	145537	146955	161336	176985	215061	230462	273989	284155	284970	295130	317910	321070	335776	341967	345173	396551	401686	421754	422027	422838	430353	459353	462308	467394	484357	501646	529577
9762	16457	126438	196682	214555	216152	542319	542780	542899
5384	110507	110512	110748	192985	372395	432505
68139	128205	290325	307436	426857	535832
5384	110507	110512	110748	192985	372395	432505
94085	98742	152903	226158	240113	274813	544421	545678	545919	546598	547883
164133	173160	530421
14896	21659	21695	24397	42346	62867	67051	71036	75245	87626	132671	145089	158674	162709	163015	166077	182587	188698	205505	210462	233838	240678	254423	258501	278725	282906	303160	305716	320287	350288	354251	370812	408836	411795	422063	436124	438354	445259	486888	519672	534790	538222
1200	43424	51113	80433	87071	89970	130445	142400	152589	164387	167882	189124	197137	199656	224252	226140	256580	279755	304914	317090	330293	342871	354088	354269	354565	373438	409881	409887	423673	463745	474381	529444	531792	540953
45548	125857	147931	215266	249771	360314	468231	532208
168501	175869	537116
